Number of Rows: 10
Number of Columns: 15

   9  8  7  8  9 10 11 12 13 14 15 16 17 18 19 
   8  7  6  7  8  9 10 11 12 13 14 15 16 17 18 
   7  6  5  6  7  8  9 10 11 12 13 14 15 16 17 
   6  5  4  5  6  7  8  9 10 11 12 13 14 15 16 
   5  4  3  4  5  6  7  8  9 10 11 12 13 14 15 
   4  3  2  3  4  5  6  7  8  9 10 11 12 13 14 
   3  2  1  2  3  4  5  6  7  8  9 10 11 12 13 
   4  3  2  3  4  5  6  7  8  9 10 11 12 13 14 
   5  4  3  4  5  6  7  8  9 10 11 12 13 14 15 
   6  5  4  5  6  7  8  9 10 11 12 13 14 15 16 
